0.707107 0.707107 0 0 0 -11.5 0
0.683013 0.683013 0.183013 0.183013 5.75 -9.95929 0
0.612372 0.612372 0.353553 0.353553 9.95929 -5.75 0
0.5 0.5 0.5 0.5 11.5 -7.04171e-16 0
0.353553 0.353553 0.612372 0.612372 9.95929 5.75 0
0.183013 0.183013 0.683013 0.683013 5.75 9.95929 0
0 0 0.707107 0.707107 1.40835e-15 11.5 0
-0.183013 -0.183013 0.683013 0.683013 -5.75 9.95929 0
-0.353553 -0.353553 0.612372 0.612372 -9.95929 5.75 0
0.5 0.5 -0.5 -0.5 -11.5 2.11252e-15 0
0.612372 0.612372 -0.353553 -0.353553 -9.95929 -5.75 0
0.683013 0.683013 -0.183013 -0.183013 -5.75 -9.95929 0
0 1 0 0 0 -7.04171e-16 -11.5
1 0 0 0 0 -7.04171e-16 11.5
