0.707107 -0.707107 0 0 0 37.5 0
0.683013 -0.683013 -0.183013 0.183013 -18.75 32.4759 0
0.612372 -0.612372 -0.353553 0.353553 -32.4759 18.75 0
0.5 -0.5 -0.5 0.5 -37.5 0 0
-0.353553 0.353553 0.612372 -0.612372 -32.4759 -18.75 0
-0.183013 0.183013 0.683013 -0.683013 -18.75 -32.4759 0
0 0 0.707107 -0.707107 0 -37.5 0
0.183013 -0.183013 0.683013 -0.683013 18.75 -32.4759 0
0.353553 -0.353553 0.612372 -0.612372 32.4759 -18.75 0
0.5 -0.5 0.5 -0.5 37.5 0 0
0.612372 -0.612372 0.353553 -0.353553 32.4759 18.75 0
0.683013 -0.683013 0.183013 -0.183013 18.75 32.4759 0
1 0 0 0 0 0 37.5
0 1 0 0 0 0 -37.5
